0
0
0
0
0
0
0
0
0
0
0
0
162
231
221
231
232
77
163
186
0
0
0
116
124
146
141
152
181
0
0
0
0
0
228
224
231
251
246
133
250
256
303
0
0
0
0
0
0
290
161
0
0
101
100
289
197
198
211
0
208
241
263
272
274
277
0
0
142
0
391
434
435
0
0
0
0
101
81
0
0
0
0
0
0
0
0
242
233
237
234
237
234
247
0
311
302
312
316
315
321
337
361
356
0
0
0
0
0
0
81
0
66
66
0
66
81
84
99
110
90
101
0
0
88
163
174
169
180
174
176
180
177
179
186
161
0
123
187
208
222
222
34
2
0
0
0
128
5
43
35
121
138
147
151
155
157
100
14
116
177
182
188
186
187
195
203
206
184
0
98
168
161
186
225
115
137
144
174
171
175
184
189
204
0
0
0
0
131
177
192
182
180
0
0
0
0
24
11
41
47
45
66
61
70
46
48
0
135
139
142
138
139
137
141
151
0
0
0
0
0
0
0
0
0
0
213
282
295
301
300
309
309
307
315
224
248
240
248
247
250
258
0
